ASC_CAR = 0.7028223780042052
ASC_TRAIN = -1.0467410414335292
B_COST = -4.184145318749627
B_COST_S = 3.0657430644106523
B_TIME = -4.308755986598744
B_TIME_S = 4.131561106899199
SIGMA_CAR = 3.159597079742209
SIGMA_SM = 2.6532747069018265
