ASC_CAR = 0.13753797724619699
ASC_TRAIN = -0.40168305107935276
B_COST = -1.2842553244375845
B_TIME = -2.259772562536424
B_TIME_S = -1.660660311621099
