ASC_CAR = 0.1869578512636135
ASC_TRAIN = -0.5245368580925394
B_COST = -2.4991460173496893
B_COST_S = 1.688214559152485
B_TIME = -3.5822582999652655
B_TIME_S = 3.8919492201965507
