ASC_CAR = 0.28311624393651974
ASC_TRAIN = -0.5694429941429201
B_COST = -1.6507274070449187
B_TIME = -3.2287624046187817
B_TIME_S = 3.637266174054548
