ASC_CAR = 0.0497469816812029
ASC_TRAIN = -1.7919984993339009
B_COST = -2.0630485335682995
B_COST_S = 1.4417024391157665
B_TIME = -2.654528652074585
B_TIME_S = 2.302045992546572
SIGMA_V1 = 1.4438181904234306
SIGMA_V2 = -0.40357547704847013
