ASC_CAR = 0.048190394024473844
ASC_TRAIN = -1.8336271107695816
B_COST = -2.0338580751233826
B_COST_S = 1.4680282061651875
B_TIME = -2.6078219939651466
B_TIME_S = 2.4018079205240324
SIGMA_V1 = 1.5405308671546893
SIGMA_V2 = -0.33178687661272177
