ASC_CAR = 0.28172743796406263
ASC_TRAIN = -0.574434327823009
B_COST = -1.6517916393303265
B_TIME = -3.221571448085802
B_TIME_S = 3.6478665794599805
