ASC_CAR = 0.3751802837971484
ASC_TRAIN = -0.3574049365487861
B_COST = -3.7840535530415362
B_COST_S = 4.71185689298207
B_TIME = -4.727775698425202
B_TIME_S = 4.15094204315164
