ASC_CAR = 0.18454131333091775
ASC_TRAIN = -0.5288441464398177
B_COST = -2.4691106154037654
B_COST_S = 1.7320794108704505
B_TIME = -3.509198585524884
B_TIME_S = 3.9983499198351717
