ASC_CAR = -0.507746835761611
ASC_TRAIN = -1.873896097580445
B_COST = -1.1848244681133766
B_TIME = -1.072750958069101
B_TIME_S = 3.8810790802751756
