ASC_CAR = 0.28433341838248066
ASC_TRAIN = -0.5653225959344902
B_COST = -1.6484409714361163
B_TIME = -3.1939779463080624
B_TIME_S = 3.7058757772315403
