ASC_CAR = 0.5507517324257469
ASC_TRAIN = -0.9536595993239229
B_COST = -4.160042569903559
B_COST_S = 3.855512013897555
B_TIME = -5.043751543118873
B_TIME_S = 2.98061128758018
SIGMA_CAR = 3.024289587773209
SIGMA_SM = 2.7836954541240213
